3893 12279 14272 17071 18512 22054 22639 61
4381 13536 13837 14283 14752 17134 18267 78
6887 17499 19030 21267 23892 25971 27744 26
6027 14271 15715 17688 20785 22326 25486 41
4388 15678 18278 20730 21717 23423 26739 32
2737 9630 11562 12322 13821 14346 14683 84
4190 11290 12636 13717 15297 16619 19108 75
2392 7774 8829 10190 11311 12398 14216 85
4084 10878 11742 13388 14664 16109 17255 81
7278 16046 17543 20058 21494 22939 25734 39
11452 22260 23925 27040 29335 30844 33328 15
15672 82
3376 10336 11328 12532 14517 16374 18533 76
4103 11294 11948 13081 14433 16134 17878 80
11350 23088 25617 28701 31528 34205 37847 10
4669 13193 13757 16165 17788 19820 22007 66
7383 18424 20223 24004 26161 29830 32163 17
10160 10963 12014 13472 14083 15255 83
4657 12984 14452 16694 18660 21197 24465 48
5177 12806 14223 16012 17876 18385 20784 72
11982 14026 15274 17188 19788 22914 58
3959 11066 12083 13759 15264 16681 18492 77
4640 11029 12500 13617 15979 18434 20989 71
5908 14205 15969 17546 19886 20520 23023 55
11167 27010 28965 31764 35371 37030 41102 8
5545 16892 18796 21686 25777 28788 31373 19
7790 18262 20145 22524 24922 24806 27123 31
8273 19834 21307 23329 26054 28315 32053 18
7163 17298 19160 21679 24343 28340 33018 16
5117 13016 14440 17088 19768 21590 22971 56
9654 22479 23766 25689 29382 31703 36666 13
5988 14323 17790 21800 24671 26765 30232 22
24775 28033 31145 20
5636 14697 16032 17789 19777 22169 24065 52
5276 16993 18800 21659 23735 25372 28327 25
4788 13358 15348 17469 20152 22039 25375 42
4107 12956 14312 16229 18796 20569 23732 53
5908 13775 14519 16011 17590 19056 21724 70
6345 14115 15638 18248 20513 22801 25602 40
5398 13883 15909 18948 22056 25505 30109 23
3480 11124 13006 16015 18123 20409 22560 62
7119 15110 16017 17820 19425 20224 22458 64
6481 16040 16880 19456 20642 23117 25897 35
5343 15477 17557 20742 23182 24984 27550 29
7889 15341 16666 18511 19697 20193 21845 67
4644 13331 14675 16733 18012 20329 22170 65
4985 13315 14574 15867 17575 19320 22466 63
4800 13499 14353 16129 17583 18850 19151 74
5218 14685 16387 18866 20809 23188 25814 37
5687 14798 15932 17967 20161 20932 24719 46
5591 15936 16811 19829 22222 25263 27657 28
11167 27801 30452 36620 42463 45846 50262 5
7445 22641 25605 30572 32739 34948 37622 11
10624 24047 25303 28932 32912 34149 36875 12
6057 16477 18337 21732 24503 27930 30837 21
5476 15599 16981 19547 21392 23703 25780 38
6639 16276 18244 20728 22597 23110 24186 51
6969 15199 17248 19495 21364 24060 25858 36
5122 13557 14892 16542 18628 20724 22948 57
4857 13115 14824 16827 18262 19981 22840 59
4355 12920 14171 15924 17815 19601 21829 68
4927 12798 14185 16294 17804 19500 21726 69
6360 14647 16010 18107 20995 23355 26546 33
4775 13886 14788 17652 19828 21988 24219 50
9264 20223 21756 24696 26865 26062 27732 27
5056 12147 13097 14280 16035 17941 20070 73
12640 30727 32268 32721 39971 44690 49654 6
9022 22194 24893 27852 31013 32157 34820 14
5483 14546 15969 18305 19982 21788 24763 45
5292 13631 15151 17449 19834 22377 25076 43
5606 13873 14943 17282 19106 20602 23450 54
8142 15070 16516 18027 20430 21549 24860 44
4988 15349 16975 19340 20903 23040 26286 34
24731 26509 28950 24
4576 13132 14312 16375 18580 21541 22782 56
6554 16821 18460 19816 21888 23157 24584 47
6321 14491 15509 18605 21127 23876 27369 30
24014 44051 47319 48935 54869 54504 59898 4
12264 24824 26069 27834 31407 34724 39948 9
17892 79
6406 15348 16525 18450 20417 21935 24459 49
21502 52270 54632 62323 66276 66491 70924 1
18115 32385 33926 36345 39292 41503 44538 7
19669 38147 43049 48533 52695 57310 61704 3
22231 43367 46785 52585 58040 61252 66869 2